const float32_t filterbank[FFTSIZE] = {0.0022676,


									 0.0090703,
									 0.020408,
									 0.036281,
									 0.056689,
									 0.081633,
									 0.11111,
									 0.14512,
									 0.18367,
									 0.22676,
									 0.27438,
									 0.32653,
									 0.38322,
									 0.44444,
									 0.5102,
									 0.5805,
									 0.65533,
									 0.73469,
									 0.81859,
									 0.90703,
									 1.0482,
									 1.0482,
									 1.0482,
									 1.0482,
									 1.0482,
									 1.0482,
									 1.0482,
									 1.0482,
									 1.0482,
									 1.0482,
									 1.0482,
									 1.0482,
									 1.0482,
									 1.0482,
									 1.0482,
									 1.0482,
									 1.0482,
									 1.0482,
									 1.0482,
									 1.0482,
									 1.0482,
									 1,
									 1,
									 1,
									 1,
									 1,
									 1,
									 1,
									 1,
									 1,
									 1,
									 1,
									 1,
									 1,
									 1,
									 1,
									 1,
									 1,
									 1,
									 1,
									 1,
									 1,
									 1.0438,
									 1.0393,
									 1.0349,
									 1.0305,
									 1.0261,
									 1.0218,
									 1.0174,
									 1.013,
									 1.0087,
									 1.0043,
									 1,
									 0.99568,
									 0.99136,
									 0.98706,
									 0.98276,
									 0.97847,
									 0.97419,
									 0.96993,
									 0.96567,
									 0.96142,
									 0.95718,
									 1.0888,
									 1.0847,
									 1.0806,
									 1.0765,
									 1.0724,
									 1.0683,
									 1.0642,
									 1.0602,
									 1.0561,
									 1.052,
									 1.048,
									 1.044,
									 1.0399,
									 1.0359,
									 1.0319,
									 1.0279,
									 1.0239,
									 1.0199,
									 1.0159,
									 1.0119,
									 1.0079,
									 1.004,
									 1.0851,
									 1.0813,
									 1.0775,
									 1.0738,
									 1.07,
									 1.0663,
									 1.0625,
									 1.0588,
									 1.0551,
									 1.0514,
									 1.0477,
									 1.044,
									 1.0403,
									 1.0366,
									 1.0329,
									 1.0292,
									 1.0255,
									 1.0219,
									 1.0182,
									 1.0145,
									 1.0109,
									 1.0073,
									 1.0036,
									 1.0421,
									 1.0421,
									 1.0421,
									 1.0421,
									 1.0421,
									 1.0421,
									 1.0421,
									 1.0421,
									 1.0421,
									 1.0421,
									 1.0421,
									 1.0421,
									 1.0421,
									 1.0421,
									 1.0421,
									 1.0421,
									 1.0421,
									 1.0421,
									 1.0421,
									 1.0421,
									 1.0421,
									 1.0421,
									 1.0421,
									 1.0421,
									 1,
									 1,
									 1,
									 1,
									 1,
									 1,
									 1,
									 1,
									 1,
									 1,
									 1,
									 1,
									 1,
									 1,
									 1,
									 1,
									 1,
									 1,
									 1,
									 1,
									 1,
									 1,
									 1,
									 1,
									 0.99833,
									 0.99501,
									 0.99168,
									 0.98837,
									 0.98506,
									 0.98175,
									 0.97845,
									 0.97516,
									 0.97187,
									 0.96858,
									 0.96531,
									 0.96203,
									 0.95877,
									 0.95551,
									 0.95225,
									 0.949,
									 0.94576,
									 0.94252,
									 0.93928,
									 0.93606,
									 0.93283,
									 0.92962,
									 0.92641,
									 0.9232,
									 0.99846,
									 1.0768,
									 1.0736,
									 1.0704,
									 1.0672,
									 1.0641,
									 1.0609,
									 1.0577,
									 1.0546,
									 1.0514,
									 1.0483,
									 1.0451,
									 1.042,
									 1.0388,
									 1.0357,
									 1.0326,
									 1.0294,
									 1.0263,
									 1.0232,
									 1.0201,
									 1.017,
									 1.0139,
									 1.0108,
									 1.0077,
									 1.0046,
									 1.0015,
									 1.0359,
									 1.033,
									 1.0301,
									 1.0272,
									 1.0244,
									 1.0215,
									 1.0186,
									 1.0157,
									 1.0129,
									 1.01,
									 1.0071,
									 1.0043,
									 1.0014,
									 0.99858,
									 0.99573,
									 0.99289,
									 0.99005,
									 0.98722,
									 0.98439,
									 0.98157,
									 0.97875,
									 0.97593,
									 0.97312,
									 0.97031,
									 0.9675,
									 0.9647,
									 1.0727,
									 1.07,
									 1.0672,
									 1.0645,
									 1.0618,
									 1.059,
									 1.0563,
									 1.0536,
									 1.0509,
									 1.0482,
									 1.0455,
									 1.0428,
									 1.0401,
									 1.0374,
									 1.0347,
									 1.032,
									 1.0293,
									 1.0266,
									 1.024,
									 1.0213,
									 1.0186,
									 1.0159,
									 1.0133,
									 1.0106,
									 1.008,
									 1.0053,
									 1.0026,
									 1.036,
									 1.036,
									 1.036,
									 1.036,
									 1.036,
									 1.036,
									 1.036,
									 1.036,
									 1.036,
									 1.036,
									 1.036,
									 1.036,
									 1.036,
									 1.036,
									 1.036,
									 1.036,
									 1.036,
									 1.036,
									 1.036,
									 1.036,
									 1.036,
									 1.036,
									 1.036,
									 1.036,
									 1.036,
									 1.036,
									 1.036,
									 1.036,
									 1.0335,
									 1.031,
									 1.0285,
									 1.026,
									 1.0235,
									 1.021,
									 1.0186,
									 1.0161,
									 1.0136,
									 1.0111,
									 1.0086,
									 1.0062,
									 1.0037,
									 1.0012,
									 0.99877,
									 0.99631,
									 0.99385,
									 0.9914,
									 0.98895,
									 0.9865,
									 0.98405,
									 0.98161,
									 0.97917,
									 0.97674,
									 0.97431,
									 0.97188,
									 0.96945,
									 0.96703,
									 1.0336,
									 1.0313,
									 1.0289,
									 1.0266,
									 1.0243,
									 1.022,
									 1.0196,
									 1.0173,
									 1.015,
									 1.0127,
									 1.0104,
									 1.0081,
									 1.0058,
									 1.0035,
									 1.0011,
									 0.99885,
									 0.99655,
									 0.99426,
									 0.99197,
									 0.98968,
									 0.9874,
									 0.98511,
									 0.98283,
									 0.98056,
									 0.97828,
									 0.97601,
									 0.97374,
									 0.97147,
									 0.96921,
									 0.99893,
									 1.0644,
									 1.0622,
									 1.06,
									 1.0578,
									 1.0556,
									 1.0534,
									 1.0512,
									 1.049,
									 1.0468,
									 1.0446,
									 1.0424,
									 1.0402,
									 1.038,
									 1.0358,
									 1.0336,
									 1.0314,
									 1.0292,
									 1.0271,
									 1.0249,
									 1.0227,
									 1.0205,
									 1.0184,
									 1.0162,
									 1.014,
									 1.0119,
									 1.0097,
									 1.0075,
									 1.0054,
									 1.0032,
									 1.0011,
									 1,
									 1,
									 1,
									 1,
									 1,
									 1,
									 1,
									 1,
									 1,
									 1,
									 1,
									 1,
									 1,
									 1,
									 1,
									 1,
									 1,
									 1,
									 1,
									 1,
									 1,
									 1,
									 1,
									 1,
									 1,
									 1,
									 1,
									 1,
									 1,
									 1,
									 1,
									 0.99899,
									 0.99698,
									 0.99497,
									 0.99296,
									 0.99095,
									 0.98894,
									 0.98694,
									 0.98494,
									 0.98294,
									 0.98094,
									 0.97894,
									 0.97695,
									 0.97496,
									 0.97297,
									 0.97098,
									 0.96899,
									 0.96701,
									 0.96503,
									 0.96305,
									 0.96107,
									 0.9591,
									 0.95712,
									 0.95515,
									 0.95318,
									 0.95121,
									 0.94925,
									 0.94729,
									 0.94532,
									 0.94337,
									 0.94141,
									 0.93945,
									 1.0278,
									 1.0883,
									 1.0844,
									 1.0806,
									 1.0768,
									 1.073,
									 1.0692,
									 1.0654,
									 1.0616,
									 1.0578,
									 1.054,
									 1.0502,
									 1.0465,
									 1.0427,
									 1.039,
									 1.0352,
									 1.0315,
									 1.0278,
									 1.024,
									 1.0203,
									 1.0166,
									 1.0129,
									 1.0092,
									 1.0055,
									 1.0018,
									 0.99816,
									 0.99449,
									 0.99083,
									 0.98717,
									 0.98352,
									 0.97988,
									 0.97625,
									 0.97262,
									 1.0296,
									 1.0296,
									 1.0296,
									 1.0296,
									 1.0296,
									 1.0296,
									 1.0296,
									 1.0296,
									 1.0296,
									 1.0296,
									 1.0296,
									 1.0296,
									 1.0296,
									 1.0296,
									 1.0296,
									 1.0296,
									 1.0296,
									 1.0296,
									 1.0296,
									 1.0296,
									 1.0296,
									 1.0296,
									 1.0296,
									 1.0296,
									 1.0296,
									 1.0296,
									 1.0296,
									 1.0296,
									 1.0296,
									 1.0296,
									 1.0296,
									 1.0296,
									 1.0296,
									 1.0296,
									 0.99916,
									 0.99748,
									 0.9958,
									 0.99413,
									 0.99245,
									 0.99078,
									 0.98911,
									 0.98743,
									 0.98577,
									 0.9841,
									 0.98243,
									 0.98077,
									 0.9791,
									 0.97744,
									 0.97578,
									 0.97412,
									 0.97246,
									 0.9708,
									 0.96915,
									 0.9675,
									 0.96584,
									 0.96419,
									 0.96254,
									 0.96089,
									 0.95925,
									 0.9576,
									 0.95596,
									 0.95432,
									 0.95267,
									 0.95103,
									 0.9494,
									 0.94776,
									 0.94612,
									 0.94449,
									 1.0256,
									 1.0811,
									 1.0779,
									 1.0747,
									 1.0715,
									 1.0683,
									 1.0651,
									 1.0619,
									 1.0588,
									 1.0556,
									 1.0524,
									 1.0492,
									 1.0461,
									 1.0429,
									 1.0398,
									 1.0366,
									 1.0335,
									 1.0303,
									 1.0272,
									 1.0241,
									 1.021,
									 1.0178,
									 1.0147,
									 1.0116,
									 1.0085,
									 1.0054,
									 1.0023,
									 0.99923,
									 0.99614,
									 0.99306,
									 0.98999,
									 0.98692,
									 0.98385,
									 0.98079,
									 0.97773,
									 0.97468,
									 1.0272,
									 1.0272,
									 1.0272,
									 1.0272,
									 1.0272,
									 1.0272,
									 1.0272,
									 1.0272,
									 1.0272,
									 1.0272,
									 1.0272,
									 1.0272,
									 1.0272,
									 1.0272,
									 1.0272,
									 1.0272,
									 1.0272,
									 1.0272,
									 1.0272,
									 1.0272,
									 1.0272,
									 1.0272,
									 1.0272,
									 1.0272,
									 1.0272,
									 1.0272,
									 1.0272,
									 1.0272,
									 1.0272,
									 1.0272,
									 1.0272,
									 1.0272,
									 1.0272,
									 1.0272,
									 1.0272,
									 1.0272,
									 1.0272,
									 0.99929,
									 0.99787,
									 0.99645,
									 0.99503,
									 0.99361,
									 0.99219,
									 0.99078,
									 0.98936,
									 0.98795,
									 0.98653,
									 0.98512,
									 0.98371,
									 0.9823,
									 0.98089,
									 0.97948,
									 0.97807,
									 0.97667,
									 0.97526,
									 0.97386,
									 0.97245,
									 0.97105,
									 0.96965,
									 0.96825,
									 0.96685,
									 0.96545,
									 0.96406,
									 0.96266,
									 0.96126,
									 0.95987,
									 0.95848,
									 0.95709,
									 0.95569,
									 0.9543,
									 0.95291,
									 0.95153,
									 0.95014,
									 0.94875,
									 1.0238,
									 1.075,
									 1.0723,
									 1.0696,
									 1.0669,
									 1.0642,
									 1.0614,
									 1.0587,
									 1.056,
									 1.0533,
									 1.0506,
									 1.0479,
									 1.0452,
									 1.0425,
									 1.0399,
									 1.0372,
									 1.0345,
									 1.0318,
									 1.0292,
									 1.0265,
									 1.0238,
									 1.0212,
									 1.0185,
									 1.0159,
									 1.0132,
									 1.0106,
									 1.0079,
									 1.0053,
									 1.0026,
									 1,
									 0.99737,
									 0.99474,
									 0.99212,
									 0.9895,
									 0.98689,
									 0.98427,
									 0.98166,
									 0.97906,
									 0.97646,
									 1.0494,
									 1.0481,
									 1.0469,
									 1.0456,
									 1.0444,
									 1.0431,
									 1.0419,
									 1.0406,
									 1.0394,
									 1.0382,
									 1.0369,
									 1.0357,
									 1.0344,
									 1.0332,
									 1.032,
									 1.0307,
									 1.0295,
									 1.0282,
									 1.027,
									 1.0258,
									 1.0245,
									 1.0233,
									 1.0221,
									 1.0208,
									 1.0196,
									 1.0184,
									 1.0171,
									 1.0159,
									 1.0147,
									 1.0135,
									 1.0122,
									 1.011,
									 1.0098,
									 1.0086,
									 1.0073,
									 1.0061,
									 1.0049,
									 1.0037,
									 1.0024,
									 1.0012,
									 1.0482,
									 1.047,
									 1.0458,
									 1.0446,
									 1.0434,
									 1.0422,
									 1.0411,
									 1.0399,
									 1.0387,
									 1.0375,
									 1.0363,
									 1.0351,
									 1.034,
									 1.0328,
									 1.0316,
									 1.0304,
									 1.0292,
									 1.0281,
									 1.0269,
									 1.0257,
									 1.0245,
									 1.0234,
									 1.0222,
									 1.021,
									 1.0198,
									 1.0187,
									 1.0175,
									 1.0163,
									 1.0152,
									 1.014,
									 1.0128,
									 1.0116,
									 1.0105,
									 1.0093,
									 1.0081,
									 1.007,
									 1.0058,
									 1.0047,
									 1.0035,
									 1.0023,
									 1.0012,
									 1.0471,
									 1.0459,
									 1.0448,
									 1.0437,
									 1.0425,
									 1.0414,
									 1.0403,
									 1.0391,
									 1.038,
									 1.0369,
									 1.0358,
									 1.0346,
									 1.0335,
									 1.0324,
									 1.0312,
									 1.0301,
									 1.029,
									 1.0279,
									 1.0268,
									 1.0256,
									 1.0245,
									 1.0234,
									 1.0223,
									 1.0212,
									 1.02,
									 1.0189,
									 1.0178,
									 1.0167,
									 1.0156,
									 1.0144,
									 1.0133,
									 1.0122,
									 1.0111,
									 1.01,
									 1.0089,
									 1.0078,
									 1.0067,
									 1.0055,
									 1.0044,
									 1.0033,
									 1.0022,
									 1.0011,
									 1.046,
									 1.0449,
									 1.0438,
									 1.0427,
									 1.0417,
									 1.0406,
									 1.0395,
									 1.0384,
									 1.0373,
									 1.0363,
									 1.0352,
									 1.0341,
									 1.033,
									 1.032,
									 1.0309,
									 1.0298,
									 1.0287,
									 1.0277,
									 1.0266,
									 1.0255,
									 1.0245,
									 1.0234,
									 1.0223,
									 1.0213,
									 1.0202,
									 1.0191,
									 1.0181,
									 1.017,
									 1.0159,
									 1.0149,
									 1.0138,
									 1.0127,
									 1.0117,
									 1.0106,
									 1.0095,
									 1.0085,
									 1.0074,
									 1.0064,
									 1.0053,
									 1.0042,
									 1.0032,
									 1.0021,
									 1.0011,
									 1.0223,
									 1.0213,
									 1.0203,
									 1.0193,
									 1.0183,
									 1.0172,
									 1.0162,
									 1.0152,
									 1.0142,
									 1.0132,
									 1.0122,
									 1.0111,
									 1.0101,
									 1.0091,
									 1.0081,
									 1.0071,
									 1.0061,
									 1.0051,
									 1.004,
									 1.003,
									 1.002,
									 1.001,
									 1,
									 0.99899,
									 0.99798,
									 0.99697,
									 0.99596,
									 0.99496,
									 0.99395,
									 0.99294,
									 0.99194,
									 0.99093,
									 0.98992,
									 0.98892,
									 0.98792,
									 0.98691,
									 0.98591,
									 0.98491,
									 0.9839,
									 0.9829,
									 0.9819,
									 0.9809,
									 0.9799,
									 0.9789,
									 1.0204,
									 1.0639,
									 1.0619,
									 1.06,
									 1.058,
									 1.0561,
									 1.0541,
									 1.0522,
									 1.0503,
									 1.0483,
									 1.0464,
									 1.0445,
									 1.0425,
									 1.0406,
									 1.0387,
									 1.0367,
									 1.0348,
									 1.0329,
									 1.031,
									 1.029,
									 1.0271,
									 1.0252,
									 1.0233,
									 1.0214,
									 1.0195,
									 1.0176,
									 1.0157,
									 1.0138,
									 1.0119,
									 1.01,
									 1.0081,
									 1.0062,
									 1.0043,
									 1.0024,
									 1.0005,
									 0.99858,
									 0.99669,
									 0.99481,
									 0.99292,
									 0.99104,
									 0.98915,
									 0.98727,
									 0.9854,
									 0.98352,
									 0.98165,
									 0.97977,
									 1.0209,
									 1.02,
									 1.0192,
									 1.0183,
									 1.0174,
									 1.0165,
									 1.0156,
									 1.0147,
									 1.0138,
									 1.0129,
									 1.012,
									 1.0111,
									 1.0102,
									 1.0093,
									 1.0084,
									 1.0075,
									 1.0067,
									 1.0058,
									 1.0049,
									 1.004,
									 1.0031,
									 1.0022,
									 1.0013,
									 1.0004,
									 0.99956,
									 0.99867,
									 0.99778,
									 0.9969,
									 0.99601,
									 0.99513,
									 0.99425,
									 0.99336,
									 0.99248,
									 0.9916,
									 0.99071,
									 0.98983,
									 0.98895,
									 0.98807,
									 0.98719,
									 0.98631,
									 0.98543,
									 0.98455,
									 0.98367,
									 0.98279,
									 0.98191,
									 0.98103,
									 0.98015,
									 0.99957,
									 1.0408,
									 1.0399,
									 1.0391,
									 1.0382,
									 1.0373,
									 1.0365,
									 1.0356,
									 1.0347,
									 1.0339,
									 1.033,
									 1.0321,
									 1.0313,
									 1.0304
									 1.0296,
									 1.0287,
									 1.0278,
									 1.027,
									 1.0261,
									 1.0252,
									 1.0244,
									 1.0235,
									 1.0227,
									 1.0218,
									 1.0209,
									 1.0201,
									 1.0192,
									 1.0184,
									 1.0175,
									 1.0167,
									 1.0158,
									 1.0149,
									 1.0141,
									 1.0132,
									 1.0124,
									 1.0115,
									 1.0107,
									 1.0098,
									 1.0089,
									 1.0081,
									 1.0072,
									 1.0064,
									 1.0055,
									 1.0047,
									 1.0038,
									 1.003,
									 1.0021,
									 1.0013,
									 1.0004,
									 0.99959,
									 0.99878,
									 0.99796,
									 0.99714,
									 0.99633,
									 0.99552,
									 0.9947,
									 0.99389,
									 0.99307,
									 0.99226,
									 0.99145,
									 0.99063,
									 0.98982,
									 0.98901,
									 0.9882,
									 0.98739,
									 0.98658,
									 0.98577,
									 0.98495,
									 0.98414,
									 0.98334,
									 0.98253,
									 0.98172,
									 0.98091,
									 0.9801,
									 0.97929,
									 0.97848,
									 0.97768,
									 0.97687,
									 0.97606,
									 0.97526,
									 0.97445,
									 0.97365,
									 0.97284,
									 0.97204,
									 0.97123,
									 0.97043,
									 0.96962,
									 0.96882,
									 0.96802,
									 0.96721,
									 0.96641,
									 0.96561,
									 0.96481,
									 0.964,
									 0.9632,
									 0.9624,
									 0.9616,
									 0.9608,
									 0.99923,
									 1.038,
									 1.0365,
									 1.0349,
									 1.0334,
									 1.0318,
									 1.0302,
									 1.0287,
									 1.0271,
									 1.0255,
									 1.024,
									 1.0224,
									 1.0209,
									 1.0193,
									 1.0178,
									 1.0162,
									 1.0147,
									 1.0131,
									 1.0116,
									 1.01,
									 1.0085,
									 1.0069,
									 1.0054,
									 1.0038,
									 1.0023,
									 1.0008,
									 0.99923,
									 0.99769,
									 0.99616,
									 0.99462,
									 0.99309,
									 0.99156,
									 0.99003,
									 0.98849,
									 0.98697,
									 0.98544,
									 0.98391,
									 0.98239,
									 0.98086,
									 0.97934,
									 0.97782,
									 0.9763,
									 0.97478,
									 0.97326,
									 0.97174,
									 0.97023,
									 0.96871,
									 0.9672,
									 0.96568,
									 0.96417,
									 0.96266,
									 1.0179,
									 1.0556,
									 1.0541,
									 1.0527,
									 1.0512,
									 1.0497,
									 1.0483,
									 1.0468,
									 1.0454,
									 1.0439,
									 1.0425,
									 1.041,
									 1.0396,
									 1.0381,
									 1.0367,
									 1.0352,
									 1.0338,
									 1.0323,
									 1.0309,
									 1.0294,
									 1.028,
									 1.0265,
									 1.0251,
									 1.0236,
									 1.0222,
									 1.0208,
									 1.0193,
									 1.0179,
									 1.0164,
									 1.015,
									 1.0136,
									 1.0121,
									 1.0107,
									 1.0093,
									 1.0079,
									 1.0064,
									 1.005,
									 1.0036,
									 1.0021,
									 1.0007,
									 0.99929,
									 0.99786,
									 0.99644,
									 0.99502,
									 0.9936,
									 0.99218,
									 0.99076,
									 0.98934,
									 0.98793,
									 0.98651,
									 0.9851,
									 0.98369,
									 0.98227,
									 1.0183,
									 1.0176,
									 1.0169,
									 1.0162,
									 1.0155,
									 1.0149,
									 1.0142,
									 1.0135,
									 1.0128,
									 1.0122,
									 1.0115,
									 1.0108,
									 1.0101,
									 1.0094,
									 1.0088,
									 1.0081,
									 1.0074,
									 1.0067,
									 1.0061,
									 1.0054,
									 1.0047,
									 1.004,
									 1.0034,
									 1.0027,
									 1.002,
									 1.0013,
									 1.0007,
									 1,
									 0.99933,
									 0.99865,
									 0.99798,
									 0.99731,
									 0.99664,
									 0.99596,
									 0.99529,
									 0.99462,
									 0.99395,
									 0.99328,
									 0.99261,
									 0.99194,
									 0.99126,
									 0.99059,
									 0.98992,
									 0.98925,
									 0.98858,
									 0.98792,
									 0.98725,
									 0.98658,
									 0.98591,
									 0.98524,
									 0.98457,
									 0.9839,
									 0.98324,
									 0.98257,
									 1.017,
									 1.0527,
									 1.0514,
									 1.0501,
									 1.0487,
									 1.0474,
									 1.0461,
									 1.0448,
									 1.0435,
									 1.0422,
									 1.0409,
									 1.0396,
									 1.0383,
									 1.037,
									 1.0357,
									 1.0344,
									 1.0331,
									 1.0318,
									 1.0305,
									 1.0292,
									 1.0279,
									 1.0267,
									 1.0254,
									 1.0241,
									 1.0228,
									 1.0215,
									 1.0202,
									 1.0189,
									 1.0176,
									 1.0163,
									 1.015,
									 1.0138,
									 1.0125,
									 1.0112,
									 1.0099,
									 1.0086,
									 1.0073,
									 1.0061,
									 1.0048,
									 1.0035,
									 1.0022,
									 1.001,
									 0.99968,
									 0.99841,
									 0.99713,
									 0.99586,
									 0.99458,
									 0.99331,
									 0.99204,
									 0.99077,
									 0.9895,
									 0.98823,
									 0.98696,
									 0.9857,
									 0.98443,
									 0.98317,
									 1.0173,
									 1.0167,
									 1.0161,
									 1.0155,
									 1.0149,
									 1.0143,
									 1.0137,
									 1.013,
									 1.0124,
									 1.0118,
									 1.0112,
									 1.0106,
									 1.01,
									 1.0094,
									 1.0088,
									 1.0082,
									 1.0076,
									 1.007,
									 1.0064,
									 1.0058,
									 1.0051,
									 1.0045,
									 1.0039,
									 1.0033,
									 1.0027,
									 1.0021,
									 1.0015,
									 1.0009,
									 1.0003,
									 0.9997,
									 0.99909,
									 0.99849,
									 0.99788,
									 0.99728,
									 0.99668,
									 0.99607,
									 0.99547,
									 0.99486,
									 0.99426,
									 0.99366,
									 0.99306,
									 0.99245,
									 0.99185,
									 0.99125,
									 0.99065,
									 0.99004,
									 0.98944,
									 0.98884,
									 0.98824,
									 0.98764,
									 0.98704,
									 0.98643,
									 0.98583,
									 0.98523,
									 0.98463,
									 0.98403,
									 0.98343,
									 1.0162,
									 1.05,
									 1.0489,
									 1.0477,
									 1.0465,
									 1.0453,
									 1.0442,
									 1.043,
									 1.0418,
									 1.0406,
									 1.0395,
									 1.0383,
									 1.0371,
									 1.0359,
									 1.0348,
									 1.0336,
									 1.0324,
									 1.0313,
									 1.0301,
									 1.0289,
									 1.0278,
									 1.0266,
									 1.0254,
									 1.0243,
									 1.0231,
									 1.022,
									 1.0208,
									 1.0196,
									 1.0185,
									 1.0173,
									 1.0162,
									 1.015,
									 1.0138,
									 1.0127,
									 1.0115,
									 1.0104,
									 1.0092,
									 1.0081,
									 1.0069,
									 1.0058,
									 1.0046,
									 1.0035,
									 1.0023,
									 1.0011,
									 1,
									 0.99885,
									 0.9977,
									 0.99655,
									 0.99541,
									 0.99426,
									 0.99312,
									 0.99197,
									 0.99083,
									 0.98968,
									 0.98854,
									 0.9874,
									 0.98625,
									 0.98511,
									 0.98397,
									 1.0165,
									 1.0159,
									 1.0154,
									 1.0148,
									 1.0143,
									 1.0137,
									 1.0132,
									 1.0126,
									 1.0121,
									 1.0115,
									 1.011,
									 1.0104,
									 1.0099,
									 1.0093,
									 1.0088,
									 1.0082,
									 1.0077,
									 1.0071,
									 1.0066,
									 1.006,
									 1.0055,
									 1.0049,
									 1.0044,
									 1.0038,
									 1.0033,
									 1.0027,
									 1.0022,
									 1.0016,
									 1.0011,
									 1.0005,
									 1,
									 0.99945,
									 0.99891,
									 0.99836,
									 0.99782,
									 0.99727,
									 0.99672,
									 0.99618,
									 0.99563,
									 0.99509,
									 0.99454,
									 0.994,
									 0.99345,
									 0.99291,
									 0.99236,
									 0.99182,
									 0.99128,
									 0.99073,
									 0.99019,
									 0.98964,
									 0.9891,
									 0.98856,
									 0.98801,
									 0.98747,
									 0.98693,
									 0.98639,
									 0.98584,
									 0.9853,
									 0.98476,
									 0.98422,
									 0.99948,
									 1.0315,
									 1.0304,
									 1.0294,
									 1.0283,
									 1.0272,
									 1.0262,
									 1.0251,
									 1.0241,
									 1.023,
									 1.022,
									 1.0209,
									 1.0199,
									 1.0188,
									 1.0178,
									 1.0167,
									 1.0157,
									 1.0146,
									 1.0136,
									 1.0125,
									 1.0115,
									 1.0104,
									 1.0094,
									 1.0083,
									 1.0073,
									 1.0063,
									 1.0052,
									 1.0042,
									 1.0031,
									 1.0021,
									 1.001,
									 1,
									 0.99896,
									 0.99792,
									 0.99688,
									 0.99584,
									 0.9948,
									 0.99376,
									 0.99273,
									 0.99169,
									 0.99065,
									 0.98962,
									 0.98858,
									 0.98755,
									 0.98651,
									 0.98548,
									 0.98445,
									 0.98342,
									 0.98238,
									 0.98135,
									 0.98032,
									 0.97929,
									 0.97826,
									 0.97723,
									 0.9762,
									 0.97518,
									 0.97415,
									 0.97312,
									 0.97209,
									 0.97107,
									 0.97004,
									 0.96902,
									 0.99951,
									 1.0305,
									 1.0295,
									 1.0285,
									 1.0275,
									 1.0265,
									 1.0256,
									 1.0246,
									 1.0236,
									 1.0226,
									 1.0216,
									 1.0206,
									 1.0196,
									 1.0186,
									 1.0177,
									 1.0167,
									 1.0157,
									 1.0147,
									 1.0137,
									 1.0127,
									 1.0118,
									 1.0108,
									 1.0098,
									 1.0088,
									 1.0078,
									 1.0068,
									 1.0059,
									 1.0049,
									 1.0039,
									 1.0029,
									 1.002,
									 1.001,
									 1,
									 0.99902,
									 0.99805,
									 0.99707,
									 0.9961,
									 0.99512,
									 0.99415,
									 0.99317,
									 0.9922,
									 0.99123,
									 0.99026,
									 0.98928,
									 0.98831,
									 0.98734,
									 0.98637,
									 0.9854,
									 0.98443,
									 0.98346,
									 0.98249,
									 0.98153,
									 0.98056,
									 0.97959,
									 0.97863,
									 0.97766,
									 0.97669,
									 0.97573,
									 0.97476,
									 0.9738,
									 0.97284,
									 0.97187,
									 0.97091,
									 0.96995,
									 0.99954,
									 1.0296,
									 1.0287,
									 1.0277,
									 1.0268,
									 1.0259,
									 1.025,
									 1.024,
									 1.0231,
									 1.0222,
									 1.0212,
									 1.0203,
									 1.0194,
									 1.0185,
									 1.0175,
									 1.0166,
									 1.0157,
									 1.0147,
									 1.0138,
									 1.0129,
									 1.012,
									 1.0111,
									 1.0101,
									 1.0092,
									 1.0083,
									 1.0074,
									 1.0064,
									 1.0055,
									 1.0046,
									 1.0037,
									 1.0028,
									 1.0018,
									 1.0009,
									 1,
									 0.99908,
									 0.99816,
									 0.99725,
									 0.99633,
									 0.99541,
									 0.9945,
									 0.99358,
									 0.99267,
									 0.99175,
									 0.99084,
									 0.98992,
									 0.98901,
									 0.9881,
									 0.98718,
									 0.98627,
									 0.98536,
									 0.98445,
									 0.98354,
									 0.98262,
									 0.98171,
									 0.9808,
									 0.9799,
									 0.97899,
									 0.97808,
									 0.97717,
									 0.97626,
									 0.97535,
									 0.97445,
									 0.97354,
									 0.97264,
									 0.97173,
									 0.97082,
									 1.0141,
									 1.0435,
									 1.0426,
									 1.0417,
									 1.0409,
									 1.04,
									 1.0391,
									 1.0382,
									 1.0373,
									 1.0364,
									 1.0356,
									 1.0347,
									 1.0338,
									 1.0329,
									 1.0321,
									 1.0312,
									 1.0303,
									 1.0294,
									 1.0285,
									 1.0277,
									 1.0268,
									 1.0259,
									 1.025,
									 1.0242,
									 1.0233,
									 1.0224,
									 1.0215,
									 1.0207,
									 1.0198,
									 1.0189,
									 1.018,
									 1.0172,
									 1.0163,
									 1.0154,
									 1.0145,
									 1.0137,
									 1.0128,
									 1.0119,
									 1.0111,
									 1.0102,
									 1.0093,
									 1.0085,
									 1.0076,
									 1.0067,
									 1.0058,
									 1.005,
									 1.0041,
									 1.0032,
									 1.0024,
									 1.0015,
									 1.0006,
									 0.99978,
									 0.99892,
									 0.99805,
									 0.99719,
									 0.99633,
									 0.99546,
									 0.9946,
									 0.99374,
									 0.99287,
									 0.99201,
									 0.99115,
									 0.99029,
									 0.98943,
									 0.98857,
									 0.98771,
									 0.98685,
									 0.98599,
									 1.0143,
									 1.0139,
									 1.0135,
									 1.0131,
									 1.0127,
									 1.0123,
									 1.0118,
									 1.0114,
									 1.011,
									 1.0106,
									 1.0102,
									 1.0098,
									 1.0093,
									 1.0089,
									 1.0085,
									 1.0081,
									 1.0077,
									 1.0073,
									 1.0068,
									 1.0064,
									 1.006,
									 1.0056,
									 1.0052,
									 1.0048,
									 1.0044,
									 1.0039,
									 1.0035,
									 1.0031,
									 1.0027,
									 1.0023,
									 1.0019,
									 1.0014,
									 1.001,
									 1.0006,
									 1.0002,
									 0.99979,
									 0.99938,
									 0.99897,
									 0.99855,
									 0.99814,
									 0.99772,
									 0.99731,
									 0.9969,
									 0.99648,
									 0.99607,
									 0.99566,
									 0.99524,
									 0.99483,
									 0.99442,
									 0.994,
									 0.99359,
									 0.99318,
									 0.99277,
									 0.99235,
									 0.99194,
									 0.99153,
									 0.99112,
									 0.9907,
									 0.99029,
									 0.98988,
									 0.98947,
									 0.98906,
									 0.98865,
									 0.98823,
									 0.98782,
									 0.98741,
									 0.987,
									 0.98659,
									 0.98618,
									 1.0132,
									 1.0409,
									 1.0397,
									 1.0385,
									 1.0373,
									 1.0361,
									 1.0349,
									 1.0337,
									 1.0326,
									 1.0314,
									 1.0302,
									 1.029,
									 1.0278,
									 1.0266,
									 1.0254,
									 1.0242,
									 1.023,
									 1.0218,
									 1.0207,
									 1.0195,
									 1.0183,
									 1.0171,
									 1.0159,
									 1.0147,
									 1.0135,
									 1.0124,
									 1.0112,
									 1.01,
									 1.0088,
									 1.0076,
									 1.0065,
									 1.0053,
									 1.0041,
									 1.0029,
									 1.0018,
									 1.0006,
									 0.99941,
									 0.99824,
									 0.99707,
									 0.99589,
									 0.99472,
									 0.99355,
									 0.99238,
									 0.99121,
									 0.99004,
									 0.98888,
									 0.98771,
									 0.98654,
									 0.98538,
									 0.98421,
									 0.98305,
									 0.98188,
									 0.98072,
									 0.97956,
									 0.9784,
									 0.97723,
									 0.97607,
									 0.97491,
									 0.97376,
									 0.9726,
									 0.97144,
									 0.97028,
									 0.96913,
									 0.96797,
									 0.96682,
									 0.96566,
									 0.96451,
									 0.96336,
									 0.9622,
									 0.96105,
									 0.9599,
									 0.98599,
									 1.0404,
									 1.0397,
									 1.0389,
									 1.0382,
									 1.0374,
									 1.0367,
									 1.0359,
									 1.0352,
									 1.0344,
									 1.0337,
									 1.033,
									 1.0322,
									 1.0315,
									 1.0307,
									 1.03,
									 1.0293,
									 1.0285,
									 1.0278,
									 1.027,
									 1.0263,
									 1.0255,
									 1.0248,
									 1.0241,
									 1.0233,
									 1.0226,
									 1.0219,
									 1.0211,
									 1.0204,
									 1.0196,
									 1.0189,
									 1.0182,
									 1.0174,
									 1.0167,
									 1.016,
									 1.0152,
									 1.0145,
									 1.0137,
									 1.013,
									 1.0123,
									 1.0115,
									 1.0108,
									 1.0101,
									 1.0093,
									 1.0086,
									 1.0079,
									 1.0071,
									 1.0064,
									 1.0057,
									 1.0049,
									 1.0042,
									 1.0035,
									 1.0027,
									 1.002,
									 1.0013,
									 1.0005,
									 0.99982,
									 0.99909,
									 0.99836,
									 0.99763,
									 0.9969,
									 0.99617,
									 0.99544,
									 0.99471,
									 0.99398,
									 0.99325,
									 0.99253,
									 0.9918,
									 0.99107,
									 0.99034,
									 0.98962,
									 0.98889,
									 0.98816,
									 0.98744,
									 0.98671,
									 0.98671,
									 0.9604,
									 0.93444,
									 0.90884,
									 0.8836,
									 0.85871,
									 0.83418,
									 0.81,
									 0.78618,
									 0.76271,
									 0.7396,
									 0.71684,
									 0.69444,
									 0.6724,
									 0.65071,
									 0.62938,
									 0.6084,
									 0.58778,
									 0.56751,
									 0.5476,
									 0.52804,
									 0.50884,
									 0.49,
									 0.47151,
									 0.45338,
									 0.4356,
									 0.41818,
									 0.40111,
									 0.3844,
									 0.36804,
									 0.35204,
									 0.3364,
									 0.32111,
									 0.30618,
									 0.2916,
									 0.27738,
									 0.26351,
									 0.25,
									 0.23684,
									 0.22404,
									 0.2116,
									 0.19951,
									 0.18778,
									 0.1764,
									 0.16538,
									 0.15471,
									 0.1444,
									 0.13444,
									 0.12484,
									 0.1156,
									 0.10671,
									 0.098178,
									 0.09,
									 0.082178,
									 0.074711,
									 0.0676,
									 0.060844,
									 0.054444,
									 0.0484,
									 0.042711,
									 0.037378,
									 0.0324,
									 0.027778,
									 0.023511,
									 0.0196,
									 0.016044,
									 0.012844,
									 0.01,
									 0.0075111,
									 0.0053778,
									 0.0036,
									 0.0021778,
									 0.0011111,
									 0.0004,
									 4.4444e-05};