0.026316,
0.078947,
0.131579,
0.184211,
0.236842,
0.289474,
0.342105,
0.394737,
0.447368,
0.5,
0.552632,
0.605263,
0.657895,
0.710526,
0.763158,
0.815789,
0.868421,
0.921053,
0.973684,
1.023684,
1.021053,
1.018421,
1.015789,
1.013158,
1.010526,
1.007895,
1.005263,
1.002632,
1,
0.997368,
0.994737,
0.992105,
0.989474,
0.986842,
0.984211,
0.981579,
0.978947,
0.976316,
1.025,
1.025,
1.025,
1.025,
1.025,
1.025,
1.025,
1.025,
1.025,
1.025,
1.025,
1.025,
1.025,
1.025,
1.025,
1.025,
1.025,
1.025,
1.025,
1.025,
1,
1,
1,
1,
1,
1,
1,
1,
1,
1,
1,
1,
1,
1,
1,
1,
1,
1,
1,
1,
1.022619,
1.020238,
1.017857,
1.015476,
1.013095,
1.010714,
1.008333,
1.005952,
1.003571,
1.00119,
0.99881,
0.996429,
0.994048,
0.991667,
0.989286,
0.986905,
0.984524,
0.982143,
0.979762,
0.977381,
1.045455,
1.04329,
1.041126,
1.038961,
1.036797,
1.034632,
1.032468,
1.030303,
1.028139,
1.025974,
1.02381,
1.021645,
1.019481,
1.017316,
1.015152,
1.012987,
1.010823,
1.008658,
1.006494,
1.004329,
1.002165,
1.022727,
1.022727,
1.022727,
1.022727,
1.022727,
1.022727,
1.022727,
1.022727,
1.022727,
1.022727,
1.022727,
1.022727,
1.022727,
1.022727,
1.022727,
1.022727,
1.022727,
1.022727,
1.022727,
1.022727,
1.022727,
1.022727,
1.020751,
1.018775,
1.016798,
1.014822,
1.012846,
1.01087,
1.008893,
1.006917,
1.004941,
1.002964,
1.000988,
0.999012,
0.997036,
0.995059,
0.993083,
0.991107,
0.98913,
0.987154,
0.985178,
0.983202,
0.981225,
0.979249,
1.021739,
1.021739,
1.021739,
1.021739,
1.021739,
1.021739,
1.021739,
1.021739,
1.021739,
1.021739,
1.021739,
1.021739,
1.021739,
1.021739,
1.021739,
1.021739,
1.021739,
1.021739,
1.021739,
1.021739,
1.021739,
1.021739,
1.021739,
1.019928,
1.018116,
1.016304,
1.014493,
1.012681,
1.01087,
1.009058,
1.007246,
1.005435,
1.003623,
1.001812,
1,
0.998188,
0.996377,
0.994565,
0.992754,
0.990942,
0.98913,
0.987319,
0.985507,
0.983696,
0.981884,
0.980072,
1.04,
1.038333,
1.036667,
1.035,
1.033333,
1.031667,
1.03,
1.028333,
1.026667,
1.025,
1.023333,
1.021667,
1.02,
1.018333,
1.016667,
1.015,
1.013333,
1.011667,
1.01,
1.008333,
1.006667,
1.005,
1.003333,
1.001667,
1.02,
1.02,
1.02,
1.02,
1.02,
1.02,
1.02,
1.02,
1.02,
1.02,
1.02,
1.02,
1.02,
1.02,
1.02,
1.02,
1.02,
1.02,
1.02,
1.02,
1.02,
1.02,
1.02,
1.02,
1.02,
1.018462,
1.016923,
1.015385,
1.013846,
1.012308,
1.010769,
1.009231,
1.007692,
1.006154,
1.004615,
1.003077,
1.001538,
1,
0.998462,
0.996923,
0.995385,
0.993846,
0.992308,
0.990769,
0.989231,
0.987692,
0.986154,
0.984615,
0.983077,
0.981538,
1.037037,
1.035613,
1.034188,
1.032764,
1.031339,
1.029915,
1.02849,
1.027066,
1.025641,
1.024217,
1.022792,
1.021368,
1.019943,
1.018519,
1.017094,
1.01567,
1.014245,
1.012821,
1.011396,
1.009972,
1.008547,
1.007123,
1.005698,
1.004274,
1.002849,
1.001425,
1.018519,
1.018519,
1.018519,
1.018519,
1.018519,
1.018519,
1.018519,
1.018519,
1.018519,
1.018519,
1.018519,
1.018519,
1.018519,
1.018519,
1.018519,
1.018519,
1.018519,
1.018519,
1.018519,
1.018519,
1.018519,
1.018519,
1.018519,
1.018519,
1.018519,
1.018519,
1.018519,
1.017196,
1.015873,
1.01455,
1.013228,
1.011905,
1.010582,
1.009259,
1.007937,
1.006614,
1.005291,
1.003968,
1.002646,
1.001323,
1,
0.998677,
0.997354,
0.996032,
0.994709,
0.993386,
0.992063,
0.990741,
0.989418,
0.988095,
0.986772,
0.98545,
0.984127,
0.982804,
1.034483,
1.033251,
1.03202,
1.030788,
1.029557,
1.028325,
1.027094,
1.025862,
1.024631,
1.023399,
1.022167,
1.020936,
1.019704,
1.018473,
1.017241,
1.01601,
1.014778,
1.013547,
1.012315,
1.011084,
1.009852,
1.008621,
1.007389,
1.006158,
1.004926,
1.003695,
1.002463,
1.001232,
1.033333,
1.032184,
1.031034,
1.029885,
1.028736,
1.027586,
1.026437,
1.025287,
1.024138,
1.022989,
1.021839,
1.02069,
1.01954,
1.018391,
1.017241,
1.016092,
1.014943,
1.013793,
1.012644,
1.011494,
1.010345,
1.009195,
1.008046,
1.006897,
1.005747,
1.004598,
1.003448,
1.002299,
1.001149,
1.016667,
1.016667,
1.016667,
1.016667,
1.016667,
1.016667,
1.016667,
1.016667,
1.016667,
1.016667,
1.016667,
1.016667,
1.016667,
1.016667,
1.016667,
1.016667,
1.016667,
1.016667,
1.016667,
1.016667,
1.016667,
1.016667,
1.016667,
1.016667,
1.016667,
1.016667,
1.016667,
1.016667,
1.016667,
1.016667,
0.999462,
0.998387,
0.997312,
0.996237,
0.995161,
0.994086,
0.993011,
0.991935,
0.99086,
0.989785,
0.98871,
0.987634,
0.986559,
0.985484,
0.984409,
0.983333,
0.982258,
0.981183,
0.980108,
0.979032,
0.977957,
0.976882,
0.975806,
0.974731,
0.973656,
0.972581,
0.971505,
0.97043,
0.969355,
0.96828,
0.983871,
0.983871,
0.951613,
0.919355,
0.887097,
0.854839,
0.822581,
0.790323,
0.758065,
0.725806,
0.693548,
0.66129,
0.629032,
0.596774,
0.564516,
0.532258,
0.5,
0.467742,
0.435484,
0.403226,
0.370968,
0.33871,
0.306452,
0.274194,
0.241935,
0.209677,
0.177419,
0.145161,
0.112903,
0.080645,
0.048387,
0.016129,
